0 2 19 9
2 1 19
7 1 19
9 1 19
10 1 19
18 1 19
29 2 19 9
36 1 19
37 1 19
44 1 19
47 1 19
55 1 19
63 1 19
65 1 19
73 2 19 9
82 1 19
84 1 19
91 1 19
92 1 19
93 1 19
101 1 19
111 1 19
112 1 19
119 1 19
120 1 19
130 1 19
138 1 19
139 1 19
140 1 19
147 1 19
149 1 19
159 1 19
160 1 19
167 1 19
169 1 19
178 1 19
186 1 19
188 1 19
195 1 19
197 1 19
205 1 19
214 1 19
216 1 19
223 1 19
224 1 19
231 1 19
242 1 19
250 3 19 9 15
252 1 19
259 1 19
261 1 19
269 1 19
278 1 19
282 1 19
287 1 19
289 1 19
297 1 19
307 1 19
315 1 19
316 1 19
325 1 19
335 1 19
342 1 19
344 1 19
354 1 19
361 1 19
363 1 19
371 1 19
380 1 19
382 1 19
389 1 19
390 1 19
399 1 19
408 1 19
409 1 19
417 1 19
418 1 19
428 3 19 9 15
436 2 19 9
444 1 19
445 1 19
454 1 19
455 1 19
463 1 19
464 2 19 9
474 2 19 9
482 1 19
484 1 19
491 2 19 9
