0 2 21 20
2 1 21
7 1 21
10 1 21
21 1 21
40 1 21
42 1 21
49 1 21
60 2 21 20
71 2 21 20
79 1 21
80 1 21
82 1 21
90 2 21 20
101 1 21
111 1 21
120 1 21
121 1 21
129 1 21
140 1 21
151 1 21
159 2 21 20
160 1 21
170 1 21
179 1 21
180 1 21
190 1 21
199 1 21
201 1 21
211 1 21
220 1 21
221 1 21
230 1 21
231 1 21
241 1 21
251 1 21
252 2 21 20
261 1 21
262 1 21
270 1 21
272 1 21
283 1 21
291 1 21
293 1 21
302 1 21
312 1 21
322 1 21
332 2 21 20
341 1 21
343 2 21 20
351 1 21
362 1 21
372 1 21
381 1 21
382 1 21
390 1 21
392 1 21
403 1 21
411 1 21
413 1 21
422 2 21 20
432 1 21
433 1 21
442 1 21
443 1 21
452 1 21
453 1 21
463 1 21
473 1 21
474 1 21
483 1 21
484 1 21
493 1 21
494 1 21
504 1 21
514 1 21
515 1 21
524 1 21
525 1 21
534 1 21
535 2 21 20
545 1 21
555 1 21
556 1 21
565 1 21
566 1 21
575 1 21
586 1 21
596 1 21
597 1 21
605 1 21
606 1 21
615 1 21
627 1 21
628 1 21
636 1 21
637 1 21
646 1 21
647 1 21
667 1 21
668 1 21
677 1 21
678 1 21
687 2 21 20
698 1 21
708 1 21
709 1 21
717 2 21 20
728 1 21
737 1 21
747 1 21
748 1 21
756 1 21
767 1 21
779 1 21
786 1 21
787 1 21
790 1 21
798 1 21
807 1 21
818 1 21
826 2 21 20
834 1 21
845 2 21 20
853 1 21
864 1 21
872 1 21
883 1 21
887 1 21
894 1 21
903 1 21
904 1 21
923 1 21
925 1 21
933 1 21
942 1 21
944 1 21
954 1 21
963 1 21
973 1 21
977 1 21
984 1 21
994 1 21
