0 4 19 10 27 3
3 1 19
7 2 19 10
9 2 19 10
11 1 19
16 1 19
18 1 19
19 1 19
20 1 19
21 1 19
22 1 19
24 1 19
28 2 19 10
30 2 19 10
32 1 19
37 1 19
38 1 19
39 1 19
40 2 19 10
41 1 19
43 1 19
49 1 19
50 2 19 10
51 1 19
52 1 19
54 2 19 10
59 1 19
60 1 19
62 4 19 10 27 3
67 1 19
69 2 19 10
71 2 19 10
78 1 19
80 1 19
81 1 19
82 1 19
84 3 19 10 27
90 2 19 10
92 2 19 10
93 1 19
94 1 19
100 2 19 10
102 1 19
104 2 19 10
111 3 19 10 27
113 1 19
114 1 19
116 2 19 10
120 1 19
123 1 19
124 2 19 10
126 1 19
130 2 19 10
132 1 19
134 1 19
136 2 19 10
139 1 19
141 1 19
143 1 19
145 1 19
149 1 19
150 1 19
152 4 19 10 27 3
158 1 19
159 1 19
161 5 19 10 27 3 8
169 2 19 10
171 1 19
172 1 19
173 1 19
176 1 19
180 3 19 10 27
183 2 19 10
188 2 19 10
191 2 19 10
196 1 19
199 5 19 10 27 3 8
203 1 19
207 1 19
209 1 19
210 1 19
211 1 19
213 1 19
217 1 19
219 2 19 10
220 2 19 10
227 2 19 10
228 1 19
229 2 19 10
232 1 19
235 1 19
239 4 19 10 27 3
242 2 19 10
248 1 19
250 4 19 10 27 3
255 1 19
258 2 19 10
261 1 19
262 1 19
264 1 19
266 1 19
269 2 19 10
271 2 19 10
273 1 19
277 2 19 10
280 1 19
282 1 19
284 2 19 10
289 1 19
291 2 19 10
293 3 19 10 27
299 1 19
300 1 19
301 2 19 10
302 1 19
303 2 19 10
311 2 19 10
313 1 19
314 1 19
315 1 19
317 1 19
322 1 19
324 4 19 10 27 3
325 1 19
331 1 19
332 2 19 10
334 3 19 10 27
340 1 19
343 2 19 10
346 1 19
347 2 19 10
354 1 19
355 2 19 10
356 1 19
357 1 19
358 1 19
363 2 19 10
365 1 19
367 3 19 10 27
373 1 19
374 1 19
375 2 19 10
376 2 19 10
377 1 19
383 1 19
384 1 19
386 2 19 10
387 1 19
388 1 19
390 1 19
394 2 19 10
397 1 19
398 1 19
401 1 19
404 1 19
405 1 19
406 2 19 10
407 1 19
408 2 19 10
415 3 19 10 27
417 2 19 10
419 1 19
422 1 19
426 3 19 10 27
429 1 19
431 1 19
434 1 19
436 2 19 10
438 3 19 10 27
445 2 19 10
446 1 19
447 1 19
448 2 19 10
449 1 19
456 2 19 10
458 2 19 10
459 1 19
465 1 19
466 1 19
467 3 19 10 27
469 1 19
474 1 19
476 2 19 10
478 1 19
480 1 19
486 2 19 10
487 2 19 10
488 1 19
495 2 19 10
497 2 19 10
499 2 19 10
506 2 19 10
507 1 19
509 2 19 10
510 1 19
517 3 19 10 27
519 2 19 10
521 1 19
525 1 19
527 2 19 10
528 2 19 10
535 1 19
536 1 19
537 1 19
538 3 19 10 27
539 1 19
546 2 19 10
547 1 19
548 2 19 10
550 2 19 10
557 1 19
558 3 19 10 27
566 3 19 10 27
568 1 19
570 1 19
576 1 19
577 3 19 10 27
579 1 19
585 1 19
586 3 19 10 27
588 2 19 10
596 5 19 10 27 3 8
598 1 19
599 1 19
605 1 19
606 2 19 10
608 1 19
609 1 19
615 2 19 10
617 3 19 10 27
619 1 19
623 1 19
625 2 19 10
626 2 19 10
630 1 19
633 1 19
634 1 19
636 1 19
637 1 19
640 2 19 10
644 1 19
646 2 19 10
648 2 19 10
650 1 19
652 1 19
656 3 19 10 27
659 1 19
660 1 19
662 1 19
665 1 19
667 2 19 10
668 1 19
669 2 19 10
675 1 19
676 1 19
677 2 19 10
679 3 19 10 27
687 1 19
688 3 19 10 27
689 1 19
690 1 19
692 1 19
698 1 19
699 1 19
700 3 19 10 27
702 1 19
708 1 19
709 1 19
710 3 19 10 27
712 1 19
718 1 19
719 1 19
720 3 19 10 27
722 2 19 10
729 2 19 10
731 2 19 10
739 2 19 10
741 1 19
743 2 19 10
745 1 19
749 1 19
751 1 19
752 3 19 10 27
754 1 19
759 1 19
761 2 19 10
762 2 19 10
765 1 19
769 1 19
771 2 19 10
772 1 19
774 2 19 10
776 1 19
780 1 19
782 2 19 10
784 1 19
786 2 19 10
790 1 19
792 1 19
794 4 19 10 27 3
796 1 19
799 1 19
801 1 19
803 3 19 10 27
809 1 19
811 1 19
813 3 19 10 27
815 1 19
822 4 19 10 27 3
825 2 19 10
832 2 19 10
833 2 19 10
835 1 19
842 1 19
843 1 19
844 1 19
845 1 19
846 2 19 10
848 1 19
852 1 19
854 2 19 10
856 2 19 10
858 1 19
862 1 19
864 2 19 10
865 2 19 10
867 1 19
873 1 19
874 1 19
875 1 19
876 2 19 10
883 1 19
884 3 19 10 27
886 2 19 10
891 1 19
894 2 19 10
896 1 19
898 2 19 10
904 1 19
905 1 19
906 2 19 10
907 2 19 10
908 1 19
914 1 19
915 2 19 10
917 2 19 10
921 1 19
924 1 19
925 1 19
926 1 19
927 1 19
928 2 19 10
934 1 19
936 4 19 10 27 3
938 2 19 10
941 1 19
944 1 19
946 1 19
947 2 19 10
948 1 19
949 1 19
951 1 19
955 1 19
957 3 19 10 27
958 1 19
961 1 19
963 1 19
965 3 19 10 27
968 1 19
970 1 19
975 1 19
976 2 19 10
977 1 19
978 2 19 10
984 1 19
985 2 19 10
986 1 19
988 1 19
989 1 19
992 2 19 10
995 1 19
997 2 19 10
999 1 19
1001 1 19
1003 1 19
1004 1 19
1005 2 19 10
1011 2 19 10
1013 1 19
1016 2 19 10
1020 2 19 10
1024 3 19 10 27
1030 1 19
1031 1 19
1032 3 19 10 27
1035 1 19
1039 2 19 10
1043 3 19 10 27
1048 1 19
1050 1 19
1051 3 19 10 27
1053 1 19
1058 1 19
1060 1 19
1061 1 19
1062 1 19
1063 1 19
1065 2 19 10
1072 3 19 10 27
1073 1 19
1075 1 19
1077 2 19 10
1080 1 19
1084 2 19 10
1088 1 19
1091 3 19 10 27
1095 1 19
1097 2 19 10
1099 1 19
1101 1 19
1103 2 19 10
1106 1 19
1110 3 19 10 27
1112 1 19
1116 1 19
1118 3 19 10 27
1120 1 19
1122 1 19
1124 1 19
1126 2 19 10
1129 2 19 10
1134 1 19
1137 3 19 10 27
1141 2 19 10
1145 2 19 10
1148 2 19 10
1155 1 19
1156 2 19 10
1157 1 19
1158 1 19
1160 1 19
1164 3 19 10 27
1168 1 19
1170 1 19
1171 1 19
1172 2 19 10
1174 1 19
1175 1 19
1178 1 19
1182 1 19
1183 2 19 10
1185 3 19 10 27
1191 1 19
1193 3 19 10 27
1195 2 19 10
1204 5 19 10 27 3 8
1206 1 19
1213 2 19 10
1215 3 19 10 27
1223 3 19 10 27
1225 2 19 10
1227 1 19
1233 1 19
1234 1 19
1235 2 19 10
1236 1 19
1238 1 19
1242 1 19
1244 2 19 10
1245 2 19 10
1253 1 19
1254 3 19 10 27
1255 1 19
1257 1 19
1259 1 19
1263 2 19 10
1265 2 19 10
1267 1 19
1273 2 19 10
1274 2 19 10
1275 1 19
1277 2 19 10
1282 1 19
1284 3 19 10 27
1285 1 19
1286 1 19
1289 2 19 10
1292 1 19
1293 1 19
1296 2 19 10
1299 1 19
1303 1 19
1304 1 19
1306 2 19 10
1313 1 19
1314 1 19
1315 3 19 10 27
1316 1 19
1317 1 19
1321 1 19
1323 1 19
1324 2 19 10
1326 1 19
1327 1 19
1328 1 19
1330 1 19
1334 2 19 10
1335 1 19
1337 1 19
1339 2 19 10
1342 1 19
1345 1 19
1346 2 19 10
1348 2 19 10
1354 2 19 10
1356 1 19
1358 2 19 10
1360 1 19
1362 1 19
1366 2 19 10
1368 1 19
1369 2 19 10
1374 1 19
1377 4 19 10 27 3
1381 1 19
1385 2 19 10
1388 1 19
1392 1 19
1394 1 19
1396 1 19
1397 1 19
1399 3 19 10 27
1404 1 19
1405 1 19
1406 2 19 10
1408 3 19 10 27
1414 1 19
1418 3 19 10 27
1425 1 19
1426 1 19
1427 1 19
1428 2 19 10
1430 2 19 10
1437 1 19
1438 2 19 10
1439 1 19
1440 1 19
1441 2 19 10
1448 1 19
1449 1 19
1450 1 19
1451 1 19
1452 2 19 10
1457 1 19
1460 4 19 10 27 3
1463 1 19
1464 1 19
1467 1 19
1468 1 19
1470 1 19
1471 1 19
1472 1 19
1475 1 19
1479 3 19 10 27
1481 1 19
1482 1 19
1483 1 19
1488 1 19
1489 1 19
1490 2 19 10
1491 1 19
1492 1 19
1498 1 19
1499 3 19 10 27
1502 1 19
1504 1 19
1505 1 19
1507 2 19 10
1509 1 19
1512 1 19
1515 2 19 10
1519 1 19
1522 2 19 10
1523 1 19
1525 1 19
1526 2 19 10
1529 1 19
1530 1 19
1534 2 19 10
1536 1 19
1538 3 19 10 27
1545 2 19 10
1546 2 19 10
1548 2 19 10
1554 1 19
1556 2 19 10
1557 1 19
1558 1 19
1559 1 19
1561 1 19
1565 1 19
1567 2 19 10
1568 2 19 10
1570 1 19
1575 1 19
1577 2 19 10
1578 2 19 10
1580 1 19
1586 1 19
1587 2 19 10
1588 1 19
1589 1 19
1590 1 19
1593 1 19
1597 5 19 10 27 3 8
1600 1 19
1602 2 19 10
1606 1 19
1607 1 19
1609 3 19 10 27
1610 1 19
1616 1 19
1617 1 19
1618 2 19 10
1619 1 19
1622 1 19
1625 1 19
1626 1 19
1628 3 19 10 27
1632 1 19
1634 1 19
1635 1 19
1636 1 19
1637 2 19 10
1641 1 19
1644 1 19
1647 2 19 10
1648 2 19 10
1650 1 19
1656 1 19
1657 2 19 10
1658 1 19
1659 2 19 10
1661 1 19
1667 2 19 10
1668 2 19 10
1670 2 19 10
1677 2 19 10
1678 1 19
1680 3 19 10 27
1686 1 19
1688 2 19 10
1689 1 19
1690 2 19 10
1692 1 19
1699 4 19 10 27 3
1701 1 19
1702 1 19
1703 1 19
1708 1 19
1709 1 19
1710 1 19
1711 1 19
1712 1 19
1718 1 19
1719 2 19 10
1720 1 19
1721 2 19 10
1727 1 19
1728 1 19
1729 2 19 10
1731 2 19 10
1739 2 19 10
1741 3 19 10 27
1743 1 19
1748 1 19
1750 3 19 10 27
1752 1 19
1754 1 19
1759 1 19
1760 2 19 10
1762 2 19 10
1769 2 19 10
1771 3 19 10 27
1773 1 19
1778 1 19
1780 1 19
1781 3 19 10 27
1789 2 19 10
1790 2 19 10
1792 1 19
1799 2 19 10
1800 1 19
1801 2 19 10
1802 1 19
1803 1 19
1809 3 19 10 27
1811 2 19 10
1814 1 19
1818 2 19 10
1820 1 19
1821 1 19
1822 1 19
1828 2 19 10
1830 2 19 10
1832 2 19 10
1838 1 19
1840 2 19 10
1841 1 19
1845 1 19
1848 2 19 10
1852 2 19 10
1854 1 19
1856 2 19 10
1862 1 19
1863 2 19 10
1865 1 19
1867 1 19
1869 1 19
1871 2 19 10
1872 1 19
1875 1 19
1878 1 19
1879 2 19 10
1882 1 19
1885 1 19
1887 1 19
1888 1 19
1889 1 19
1890 1 19
1891 1 19
1892 1 19
1894 2 19 10
1898 2 19 10
1901 1 19
1902 1 19
1905 2 19 10
1907 1 19
1908 1 19
1909 2 19 10
1914 1 19
1917 4 19 10 27 3
1919 1 19
1922 1 19
1925 2 19 10
1926 1 19
1929 2 19 10
1933 1 19
1936 2 19 10
1937 2 19 10
1940 2 19 10
1944 1 19
1945 1 19
1947 2 19 10
1950 1 19
1951 1 19
1954 1 19
1955 1 19
1957 1 19
1958 1 19
1960 1 19
1962 2 19 10
1964 1 19
1966 2 19 10
1970 2 19 10
1973 2 19 10
1975 1 19
1978 1 19
1981 2 19 10
1982 1 19
1984 1 19
1986 2 19 10
1990 1 19
1993 1 19
1994 3 19 10 27
1996 1 19
