0 2 3 30
2 1 3
6 1 3
16 2 3 30
40 1 3
41 1 3
54 1 3
56 1 3
57 1 3
72 1 3
88 1 3
91 2 3 30
103 1 3
106 2 3 30
122 1 3
136 1 3
139 1 3
152 1 3
154 1 3
168 1 3
170 1 3
185 1 3
187 1 3
201 1 3
202 1 3
204 1 3
218 1 3
221 1 3
236 2 3 30
250 1 3
259 1 3
264 1 3
276 1 3
290 1 3
293 1 3
307 2 3 30
323 1 3
330 1 3
340 1 3
348 1 3
357 1 3
364 1 3
374 1 3
383 1 3
393 1 3
399 1 3
410 1 3
417 1 3
432 1 3
446 1 3
451 2 3 30
460 1 3
466 1 3
482 1 3
496 1 3
498 1 3
501 1 3
513 1 3
515 1 3
531 1 3
532 1 3
546 1 3
547 1 3
550 1 3
565 2 3 30
580 1 3
581 1 3
595 1 3
596 1 3
610 1 3
615 1 3
629 2 3 30
643 1 3
644 1 3
657 1 3
658 1 3
678 1 3
692 3 3 30 36
694 1 3
708 1 3
725 1 3
732 1 3
742 1 3
743 1 3
758 1 3
759 1 3
773 1 3
776 1 3
791 1 3
793 1 3
807 2 3 30
823 1 3
831 1 3
837 1 3
847 1 3
865 2 3 30
872 1 3
880 1 3
888 1 3
905 1 3
914 1 3
919 1 3
923 1 3
933 1 3
948 1 3
959 1 3
963 1 3
973 1 3
977 1 3
994 1 3
1007 1 3
1010 1 3
1013 1 3
1024 1 3
1029 1 3
1044 1 3
1048 1 3
1058 1 3
1063 1 3
1077 1 3
1092 1 3
1093 1 3
1107 2 3 30
1121 1 3
1130 1 3
1138 1 3
1147 1 3
1155 1 3
1166 1 3
1173 1 3
1181 1 3
1189 1 3
1200 1 3
1208 1 3
1215 1 3
1225 1 3
1239 1 3
1244 1 3
1253 1 3
1258 1 3
1272 1 3
1287 2 3 30
1293 1 3
1306 1 3
1311 1 3
1325 1 3
1328 1 3
1341 1 3
1342 1 3
1356 1 3
1371 1 3
1375 1 3
1385 1 3
1390 1 3
1406 1 3
1409 1 3
1421 1 3
1424 1 3
1439 1 3
1443 1 3
1457 1 3
1458 1 3
1472 1 3
1473 1 3
1487 1 3
1491 1 3
1506 1 3
1507 1 3
1521 2 3 30
1535 1 3
1544 1 3
1550 1 3
1564 1 3
1569 1 3
1578 1 3
1583 1 3
1597 1 3
1612 1 3
1614 1 3
1628 2 3 30
1631 1 3
1647 1 3
1665 2 3 30
1671 1 3
1680 1 3
1681 1 3
1695 1 3
1709 1 3
1719 1 3
1724 1 3
1737 1 3
1738 1 3
1753 1 3
1767 1 3
1771 1 3
1783 1 3
1785 1 3
1801 1 3
1802 1 3
1817 1 3
1819 1 3
1820 1 3
1834 1 3
1835 1 3
1852 1 3
1853 1 3
1867 1 3
1868 1 3
1869 1 3
1885 1 3
1886 1 3
1902 1 3
1903 2 3 30
1918 1 3
1920 1 3
1934 1 3
1936 1 3
1950 1 3
1954 1 3
1968 1 3
1971 1 3
1984 1 3
1988 1 3
2002 2 3 30
2018 2 3 30
2026 1 3
2033 1 3
2043 1 3
2059 1 3
2060 1 3
2074 1 3
2075 1 3
2077 1 3
2093 1 3
2108 1 3
2111 1 3
2123 1 3
2125 1 3
2127 1 3
2141 1 3
2157 1 3
2162 1 3
2171 1 3
2176 2 3 30
2190 1 3
2205 1 3
2206 1 3
2219 1 3
2220 1 3
2224 1 3
2238 1 3
2253 1 3
2254 1 3
2267 1 3
2272 1 3
2288 1 3
2291 1 3
2303 1 3
2306 1 3
2307 1 3
2322 2 3 30
2337 1 3
2345 1 3
2351 1 3
2363 1 3
2379 2 3 30
2385 1 3
2393 1 3
2403 1 3
2419 1 3
2420 1 3
2434 1 3
2436 1 3
2438 1 3
2453 2 3 30
2468 1 3
2476 1 3
2482 1 3
2493 1 3
2510 1 3
2512 1 3
2524 1 3
2526 1 3
2540 1 3
2555 1 3
2564 1 3
2572 1 3
2578 1 3
2593 1 3
2607 2 3 30
2612 1 3
2629 1 3
2630 1 3
2646 1 3
2647 2 3 30
2662 1 3
2664 1 3
2678 1 3
2696 1 3
2700 1 3
2710 1 3
2713 1 3
2715 1 3
2734 1 3
2747 1 3
2748 1 3
2750 1 3
2762 1 3
2766 1 3
2781 1 3
2795 1 3
2796 1 3
2809 1 3
2810 1 3
2824 1 3
2843 2 3 30
2850 1 3
2858 1 3
2859 1 3
2874 1 3
2888 1 3
2893 1 3
2902 1 3
2908 1 3
2922 1 3
2936 2 3 30
2942 1 3
2951 1 3
2959 1 3
2976 2 3 30
2985 1 3
2999 2 3 30
3015 1 3
3023 1 3
3031 1 3
3039 1 3
3049 1 3
3064 1 3
3074 1 3
3079 1 3
3090 1 3
3105 1 3
3108 1 3
3121 1 3
3122 1 3
3124 1 3
3138 1 3
3140 1 3
3156 2 3 30
3170 1 3
3172 1 3
3184 1 3
3186 1 3
3200 1 3
3217 1 3
3220 1 3
3232 1 3
3234 1 3
3235 1 3
3251 1 3
3267 1 3
3269 2 3 30
3281 1 3
3283 1 3
3285 1 3
3300 1 3
3315 1 3
3317 1 3
3329 1 3
3334 2 3 30
3348 1 3
3363 2 3 30
3374 1 3
3378 1 3
3388 1 3
3392 1 3
3407 1 3
3421 1 3
3426 2 3 30
3440 1 3
3441 1 3
3455 2 3 30
3477 1 3
3478 1 3
3492 2 3 30
3507 1 3
3517 1 3
3521 1 3
3532 1 3
3535 1 3
3551 2 3 30
3565 1 3
3567 1 3
3581 1 3
3582 1 3
3599 2 3 30
3615 1 3
3616 1 3
3630 2 3 30
3644 1 3
3653 1 3
3660 1 3
3670 1 3
3686 1 3
3687 1 3
3700 1 3
3703 1 3
3705 1 3
3720 1 3
3734 1 3
3737 1 3
3739 1 3
3751 1 3
3753 1 3
3768 1 3
3782 1 3
3786 1 3
3797 1 3
3800 1 3
3814 1 3
3831 1 3
3832 1 3
3846 2 3 30
3848 1 3
3865 1 3
3879 1 3
3883 1 3
3894 1 3
3897 1 3
3911 1 3
3927 1 3
3929 1 3
3942 1 3
3943 1 3
3946 1 3
3961 2 3 30
3976 1 3
3984 1 3
3990 1 3
4001 1 3
4016 1 3
4019 1 3
4030 1 3
4033 1 3
4049 1 3
4064 1 3
4067 1 3
4080 1 3
4081 1 3
4096 1 3
4098 1 3
4112 1 3
4114 1 3
4130 2 3 30
4144 1 3
4148 1 3
4158 1 3
4163 1 3
4177 1 3
4191 1 3
4194 1 3
4207 1 3
4210 1 3
4225 1 3
4229 1 3
4241 1 3
4243 1 3
4244 1 3
4258 1 3
4260 1 3
4275 1 3
4277 1 3
4292 1 3
4294 1 3
4309 1 3
4311 1 3
4326 2 3 30
4340 1 3
4345 1 3
4355 1 3
4359 1 3
4373 1 3
4374 1 3
4388 1 3
4391 1 3
4406 1 3
4407 1 3
4422 2 3 30
4437 1 3
4441 1 3
4451 1 3
4465 1 3
4476 1 3
4480 1 3
4492 1 3
4494 1 3
4509 1 3
4524 1 3
4527 1 3
4528 1 3
4541 1 3
4543 1 3
4562 2 3 30
4576 1 3
4577 1 3
4591 2 3 30
4605 1 3
4618 1 3
4619 1 3
4633 2 3 30
4647 1 3
4656 1 3
4663 1 3
4675 1 3
4681 1 3
4691 1 3
4705 1 3
4718 1 3
4719 1 3
4732 1 3
4734 1 3
4748 1 3
4753 1 3
4766 1 3
4767 1 3
4782 1 3
4797 1 3
4800 1 3
4801 1 3
4814 1 3
4816 2 3 30
4831 1 3
4848 2 3 30
4862 1 3
4866 1 3
4877 1 3
4880 1 3
4895 1 3
4896 1 3
4911 1 3
4912 1 3
4914 1 3
4929 1 3
4930 2 3 30
4946 2 3 30
4961 1 3
4970 1 3
4975 1 3
4988 1 3
