0 2 8 21
1 1 8
16 1 8
22 1 8
38 2 8 21
40 1 8
56 1 8
61 1 8
64 1 8
78 1 8
80 1 8
97 1 8
102 1 8
105 1 8
118 1 8
121 2 8 21
143 2 8 21
159 1 8
165 1 8
180 1 8
181 1 8
183 1 8
197 1 8
199 1 8
203 1 8
219 2 8 21
221 1 8
241 1 8
243 1 8
259 2 8 21
261 1 8
281 2 8 21
286 1 8
299 1 8
302 1 8
319 1 8
321 1 8
326 1 8
339 1 8
340 1 8
344 1 8
360 2 8 21
365 1 8
382 1 8
386 2 8 21
401 1 8
406 1 8
422 2 8 21
444 1 8
448 1 8
460 2 8 21
464 1 8
483 1 8
486 1 8
499 1 8
502 2 8 21
524 1 8
526 1 8
540 1 8
541 1 8
548 1 8
564 3 8 21 33
583 1 8
587 1 8
590 1 8
603 1 8
606 2 8 21
628 1 8
642 1 8
644 1 8
645 1 8
661 1 8
663 1 8
667 1 8
683 2 8 21
684 1 8
702 1 8
709 1 8
721 1 8
724 1 8
726 1 8
741 1 8
743 1 8
762 1 8
764 2 8 21
781 1 8
782 1 8
798 1 8
802 1 8
803 1 8
819 2 8 21
823 1 8
840 1 8
845 2 8 21
861 2 8 21
879 1 8
883 1 8
888 1 8
899 1 8
900 1 8
919 1 8
925 1 8
938 1 8
941 1 8
942 1 8
958 1 8
961 1 8
964 1 8
979 1 8
980 1 8
981 1 8
999 1 8
1001 1 8
1018 1 8
1019 1 8
1022 1 8
1037 1 8
1039 1 8
1041 1 8
1057 1 8
1060 1 8
1077 2 8 21
1080 1 8
1098 1 8
1099 1 8
1115 2 8 21
1118 1 8
1137 1 8
1141 1 8
1156 1 8
1157 1 8
1158 1 8
1174 1 8
1175 1 8
1182 1 8
1196 1 8
1197 1 8
1198 1 8
1213 1 8
1218 1 8
1235 1 8
1236 2 8 21
1255 1 8
1256 1 8
1273 1 8
1274 2 8 21
1294 1 8
1295 1 8
1311 1 8
1312 1 8
1316 1 8
1332 1 8
1333 2 8 21
1354 1 8
1359 1 8
1371 2 8 21
1380 1 8
1397 3 8 21 33
1415 1 8
1422 1 8
1435 1 8
1438 1 8
1440 1 8
1456 1 8
1460 2 8 21
1478 1 8
1482 1 8
1496 1 8
1498 1 8
1516 1 8
1520 1 8
1535 1 8
1536 2 8 21
1557 1 8
1562 1 8
1574 2 8 21
1579 1 8
1595 1 8
1600 1 8
1601 1 8
1617 2 8 21
1618 1 8
1639 1 8
1642 1 8
1655 1 8
1658 1 8
1660 1 8
1677 1 8
1679 1 8
1695 1 8
1696 1 8
1702 1 8
1717 1 8
1718 1 8
1719 1 8
1735 1 8
1736 1 8
1744 1 8
1756 1 8
1757 1 8
1762 1 8
1775 1 8
1782 1 8
1795 1 8
1798 1 8
1814 2 8 21
1820 1 8
1836 1 8
1837 1 8
1853 2 8 21
1858 1 8
1875 1 8
1877 1 8
1879 1 8
1895 1 8
1896 1 8
1897 1 8
1914 1 8
1915 1 8
1919 1 8
1935 2 8 21
1936 1 8
1953 1 8
1959 1 8
1961 1 8
1975 1 8
1976 1 8
1992 1 8
1998 1 8
2014 2 8 21
2019 1 8
2036 1 8
2038 1 8
2041 1 8
2055 1 8
2057 1 8
2074 1 8
2078 1 8
2082 1 8
2095 1 8
2097 1 8
2101 1 8
2117 1 8
2118 1 8
2122 1 8
2135 1 8
2139 1 8
2142 1 8
2156 1 8
2159 1 8
2177 1 8
2179 1 8
2182 1 8
2197 2 8 21
2200 1 8
2219 1 8
2223 2 8 21
2237 1 8
2241 1 8
2257 2 8 21
2263 1 8
2279 1 8
2280 1 8
2283 1 8
2298 1 8
2301 1 8
2318 1 8
2319 1 8
2324 1 8
2339 1 8
2340 1 8
2343 1 8
2359 1 8
2361 1 8
2378 1 8
2381 2 8 21
2397 1 8
2399 1 8
2416 2 8 21
2420 1 8
2437 1 8
2442 2 8 21
2455 1 8
2459 1 8
2475 1 8
2477 1 8
2482 1 8
2497 1 8
2498 1 8
2502 1 8
2518 1 8
2519 1 8
2521 1 8
2537 2 8 21
2540 1 8
2557 1 8
2563 2 8 21
2578 1 8
2583 1 8
2597 1 8
2600 1 8
2601 1 8
2616 1 8
2620 1 8
2624 1 8
2639 2 8 21
2642 1 8
2659 1 8
2662 1 8
2666 1 8
2680 1 8
2682 1 8
2685 1 8
2700 1 8
2704 1 8
2706 1 8
2722 1 8
2723 1 8
2727 1 8
2743 1 8
2744 1 8
2761 2 8 21
2767 1 8
2783 1 8
2787 2 8 21
2800 1 8
2810 1 8
2821 1 8
2826 2 8 21
2842 1 8
2848 1 8
2864 2 8 21
2865 1 8
2885 1 8
2886 1 8
2902 1 8
2903 1 8
2919 1 8
2924 2 8 21
2941 1 8
2950 1 8
2962 1 8
2964 1 8
2980 1 8
2987 1 8
3002 1 8
3003 2 8 21
3020 1 8
3027 1 8
3041 2 8 21
3046 1 8
3062 1 8
3067 2 8 21
3080 1 8
3099 1 8
3100 1 8
3107 1 8
3118 1 8
3122 1 8
3123 1 8
3139 1 8
3145 1 8
3160 1 8
3161 1 8
3162 1 8
3177 1 8
3179 1 8
3186 1 8
3200 1 8
3202 1 8
3204 1 8
3220 1 8
3224 1 8
3225 1 8
3240 1 8
3242 1 8
3245 1 8
3262 2 8 21
3263 1 8
3283 1 8
3284 1 8
3300 1 8
3301 1 8
3310 1 8
3321 1 8
3323 1 8
3339 1 8
3340 1 8
3356 1 8
3359 1 8
3362 1 8
3378 2 8 21
3379 1 8
3398 1 8
3403 1 8
3405 1 8
3419 1 8
3420 1 8
3421 1 8
3437 1 8
3442 1 8
3443 1 8
3459 3 8 21 33
3481 1 8
3482 1 8
3497 1 8
3500 1 8
3503 1 8
3519 1 8
3520 1 8
3538 2 8 21
3558 2 8 21
3571 1 8
3578 1 8
3591 1 8
3594 1 8
3609 1 8
3614 1 8
3629 1 8
3630 1 8
3635 1 8
3648 1 8
3651 1 8
3652 1 8
3668 2 8 21
3690 1 8
3693 1 8
3694 1 8
3706 1 8
3709 1 8
3731 1 8
3732 1 8
3733 1 8
3747 1 8
3749 1 8
3752 1 8
3770 2 8 21
3790 1 8
3792 1 8
3808 2 8 21
3809 1 8
3828 1 8
3831 1 8
3847 2 8 21
3866 1 8
3873 1 8
3885 1 8
3889 1 8
3891 1 8
3907 1 8
3911 1 8
3912 1 8
3928 1 8
3929 1 8
3933 1 8
3949 1 8
3950 1 8
3954 1 8
3970 1 8
3971 1 8
3987 1 8
3988 1 8
3994 1 8
4009 1 8
4010 2 8 21
4032 1 8
4036 1 8
4048 1 8
4052 2 8 21
4071 1 8
4087 1 8
4090 1 8
4094 1 8
4106 1 8
4110 1 8
4112 1 8
4128 1 8
4129 1 8
4133 1 8
4148 1 8
4150 1 8
4167 1 8
4169 1 8
4186 1 8
4187 1 8
4191 1 8
4205 1 8
4207 1 8
4208 1 8
4224 1 8
4227 1 8
4229 1 8
4245 1 8
4246 1 8
4248 1 8
4265 1 8
4266 1 8
4284 2 8 21
4289 1 8
4304 1 8
4305 1 8
4311 1 8
4322 1 8
4327 1 8
4330 1 8
4343 1 8
4348 1 8
4364 1 8
4368 1 8
4383 1 8
4386 1 8
4387 1 8
4403 1 8
4404 1 8
4421 1 8
4425 1 8
4427 1 8
4441 1 8
4443 2 8 21
4464 1 8
4466 1 8
4481 1 8
4482 1 8
4484 1 8
4501 1 8
4504 1 8
4507 1 8
4522 1 8
4523 1 8
4542 1 8
4545 1 8
4561 2 8 21
4562 1 8
4582 1 8
4586 1 8
4588 1 8
4600 1 8
4604 2 8 21
4624 1 8
4631 1 8
4642 1 8
4643 1 8
4647 1 8
4663 2 8 21
4683 1 8
4685 1 8
4699 1 8
4701 1 8
4703 1 8
4720 1 8
4722 1 8
4726 1 8
4740 1 8
4742 1 8
4745 1 8
4761 1 8
4762 1 8
4764 1 8
4780 1 8
4783 1 8
4800 2 8 21
4802 1 8
4821 1 8
4822 1 8
4826 1 8
4840 1 8
4842 1 8
4848 1 8
4863 1 8
4864 1 8
4880 2 8 21
4888 1 8
4903 1 8
4904 1 8
4919 1 8
4921 1 8
4929 1 8
4942 1 8
4943 1 8
4959 2 8 21
4980 1 8
4981 1 8
4985 1 8
4997 2 8 21
5004 1 8
5021 1 8
5023 1 8
5024 1 8
5040 2 8 21
5042 1 8
5062 1 8
5066 2 8 21
5080 1 8
5082 1 8
5100 1 8
5101 1 8
5107 1 8
5120 1 8
5123 1 8
5126 1 8
5141 1 8
5145 1 8
5161 1 8
5164 1 8
5167 1 8
5183 2 8 21
5203 1 8
5205 1 8
5210 1 8
5221 1 8
5222 1 8
5226 1 8
5243 1 8
5245 1 8
5261 1 8
5264 1 8
5281 1 8
5283 1 8
5287 1 8
5299 1 8
5302 1 8
5305 1 8
5321 1 8
5322 1 8
5325 1 8
5340 1 8
5343 2 8 21
5363 1 8
5378 1 8
5381 1 8
5395 1 8
5401 1 8
5417 1 8
5419 1 8
5435 2 8 21
5442 1 8
5458 2 8 21
5476 1 8
5483 1 8
5496 1 8
5497 1 8
5499 1 8
5515 1 8
5516 1 8
5535 2 8 21
5537 1 8
5554 2 8 21
5562 1 8
5576 1 8
5580 1 8
5595 1 8
5600 1 8
5601 1 8
5617 1 8
5618 1 8
5620 1 8
5638 2 8 21
5641 1 8
5658 1 8
5661 1 8
5664 1 8
5678 1 8
5679 1 8
5699 2 8 21
5703 1 8
5717 1 8
5719 1 8
5737 1 8
5741 1 8
5742 1 8
5757 1 8
5758 2 8 21
5780 1 8
5782 1 8
5796 2 8 21
5801 1 8
5820 1 8
5821 1 8
5823 1 8
5839 2 8 21
5842 1 8
5861 1 8
5862 1 8
5878 1 8
5880 2 8 21
5899 1 8
5902 1 8
5918 3 8 21 33
5940 1 8
5943 1 8
5957 1 8
5959 1 8
5961 1 8
5978 1 8
5981 2 8 21
5997 1 8
6001 1 8
6017 1 8
6019 1 8
6022 1 8
6038 1 8
6039 1 8
6044 1 8
6057 1 8
6060 2 8 21
6078 1 8
6094 1 8
6097 1 8
6102 1 8
6116 1 8
6118 1 8
6135 2 8 21
6154 1 8
6156 1 8
6162 1 8
6172 1 8
6175 1 8
6180 1 8
6196 1 8
6197 1 8
6213 1 8
6215 1 8
6223 1 8
6235 1 8
6239 1 8
6240 1 8
6256 2 8 21
6278 1 8
6280 1 8
6294 1 8
6296 1 8
6297 1 8
6316 1 8
6318 1 8
6334 1 8
6335 1 8
6337 1 8
6353 1 8
6354 1 8
6358 1 8
6373 1 8
6375 1 8
6377 1 8
6393 2 8 21
6396 1 8
6415 1 8
6418 1 8
6431 1 8
6434 2 8 21
6454 1 8
6469 1 8
6471 1 8
6487 2 8 21
6507 1 8
6512 1 8
6513 1 8
6528 2 8 21
6551 1 8
6554 2 8 21
6567 1 8
6568 1 8
6588 1 8
6591 1 8
6593 1 8
6607 1 8
6609 2 8 21
6630 1 8
6633 1 8
6647 1 8
6649 2 8 21
6671 1 8
6672 1 8
6687 1 8
6688 1 8
6697 1 8
6710 2 8 21
6714 1 8
6735 2 8 21
6736 1 8
6752 1 8
6753 1 8
6761 1 8
6774 1 8
6776 1 8
6792 1 8
6795 1 8
6801 1 8
6814 1 8
6817 1 8
6833 1 8
6835 1 8
6840 1 8
6855 1 8
6856 1 8
6857 1 8
6873 1 8
6874 1 8
6879 1 8
6895 3 8 21 33
6912 1 8
6917 1 8
6921 1 8
6933 1 8
6937 1 8
6938 1 8
6955 1 8
6956 1 8
6960 1 8
6976 2 8 21
6979 1 8
6996 1 8
7000 1 8
7015 1 8
7016 1 8
7034 1 8
7035 1 8
7039 1 8
7053 1 8
7055 1 8
7057 1 8
7073 1 8
7077 1 8
7093 1 8
7095 2 8 21
7113 1 8
7120 1 8
7133 1 8
7136 1 8
7152 2 8 21
7172 1 8
7178 1 8
7190 1 8
7194 1 8
7195 1 8
7211 1 8
7212 1 8
7232 1 8
7233 1 8
7236 1 8
7250 1 8
7251 1 8
7252 1 8
7270 1 8
7273 1 8
7274 1 8
7289 1 8
7290 1 8
7311 2 8 21
7313 1 8
7329 2 8 21
7351 1 8
7353 1 8
7367 1 8
7369 2 8 21
7391 1 8
7393 1 8
7407 1 8
7408 1 8
7411 1 8
7429 1 8
7430 1 8
7432 1 8
7447 1 8
7449 1 8
7452 1 8
7468 1 8
7470 1 8
7487 2 8 21
7491 1 8
7508 2 8 21
7526 1 8
7534 1 8
7535 1 8
7550 1 8
7551 1 8
7568 1 8
7572 1 8
7573 1 8
7588 1 8
7589 2 8 21
7611 1 8
7615 1 8
7627 1 8
7631 1 8
7632 1 8
7648 1 8
7652 1 8
7669 2 8 21
7670 1 8
7689 1 8
7694 1 8
7708 1 8
7709 1 8
7713 1 8
7729 2 8 21
7733 1 8
7751 2 8 21
7768 1 8
7773 1 8
7778 1 8
7789 1 8
7790 1 8
7794 1 8
7811 1 8
7816 2 8 21
7830 1 8
7835 1 8
7851 1 8
7854 1 8
7870 1 8
7871 1 8
7874 1 8
7890 1 8
7892 1 8
7893 1 8
7909 1 8
7912 1 8
7928 1 8
7931 1 8
7933 1 8
7949 1 8
7950 1 8
7954 1 8
7970 1 8
7971 1 8
7973 1 8
7988 1 8
7990 1 8
7993 1 8
8009 2 8 21
8011 1 8
8029 1 8
8031 1 8
8036 1 8
8049 2 8 21
8052 1 8
8072 1 8
8075 1 8
8090 1 8
8091 1 8
8092 1 8
8110 2 8 21
8115 1 8
8130 1 8
8132 1 8
8137 1 8
8149 1 8
8153 1 8
8155 1 8
8171 1 8
8175 1 8
8191 1 8
8193 2 8 21
8213 1 8
8216 1 8
8231 1 8
8232 2 8 21
8253 1 8
8258 1 8
8270 1 8
8274 2 8 21
8292 1 8
8308 1 8
8312 2 8 21
8328 1 8
8332 1 8
8348 1 8
8350 2 8 21
8368 1 8
8371 1 8
8387 1 8
8388 1 8
8395 1 8
8406 1 8
8409 1 8
8426 1 8
8432 1 8
8447 1 8
8448 1 8
8449 1 8
8465 1 8
8468 1 8
8472 1 8
8486 1 8
8487 1 8
8489 1 8
8506 1 8
8510 1 8
8512 1 8
8527 1 8
8528 1 8
8530 1 8
8548 2 8 21
8568 1 8
8574 1 8
8585 1 8
8586 1 8
8594 1 8
8610 1 8
8612 2 8 21
8627 1 8
8634 1 8
8650 2 8 21
8654 1 8
8672 1 8
8676 1 8
8677 1 8
8692 1 8
8693 2 8 21
8715 1 8
8716 1 8
8731 1 8
8732 1 8
8737 1 8
8753 1 8
8754 1 8
8755 1 8
8770 1 8
8772 1 8
8777 1 8
8793 2 8 21
8810 1 8
8819 1 8
8826 1 8
8835 1 8
8843 1 8
8851 1 8
8860 1 8
8867 1 8
8876 1 8
8883 1 8
8892 1 8
8907 1 8
8915 1 8
8923 1 8
8930 1 8
8933 1 8
8947 1 8
8953 1 8
8969 1 8
8971 2 8 21
8986 1 8
8992 1 8
9008 1 8
9009 2 8 21
9025 1 8
9035 1 8
9046 1 8
9047 1 8
9051 1 8
9067 2 8 21
9089 1 8
9090 1 8
9105 2 8 21
9109 1 8
9127 1 8
9131 1 8
9147 2 8 21
9148 1 8
9168 1 8
9170 1 8
9186 2 8 21
9187 1 8
9208 1 8
9212 1 8
9225 2 8 21
9229 1 8
9246 1 8
9251 1 8
9263 1 8
9267 1 8
9271 1 8
9287 1 8
9289 2 8 21
9309 2 8 21
9325 1 8
9327 1 8
9343 1 8
9345 1 8
9352 1 8
9365 1 8
9368 1 8
9370 1 8
9384 1 8
9386 1 8
9405 1 8
9408 1 8
9424 2 8 21
9429 1 8
9445 1 8
9446 1 8
9451 1 8
9467 2 8 21
9470 1 8
9489 2 8 21
9506 1 8
9512 1 8
9515 1 8
9528 1 8
9531 1 8
9547 1 8
9553 1 8
9554 1 8
9569 1 8
9570 1 8
9591 1 8
9592 1 8
9607 1 8
9608 2 8 21
9630 1 8
9631 1 8
9646 1 8
9647 1 8
9648 1 8
9666 1 8
9669 1 8
9685 1 8
9686 2 8 21
9707 1 8
9712 1 8
9724 1 8
9728 1 8
9729 1 8
9745 1 8
9750 2 8 21
9766 1 8
9768 1 8
9784 1 8
9788 1 8
9789 1 8
9805 1 8
9806 1 8
9808 1 8
9826 1 8
9827 1 8
9844 1 8
9846 2 8 21
9865 1 8
9867 1 8
9882 1 8
9884 1 8
9901 1 8
9904 1 8
9920 2 8 21
9925 1 8
9941 1 8
9944 1 8
9947 1 8
9963 2 8 21
9966 1 8
9984 1 8
9986 1 8
